Vertex Count: 60

Data:

-1 0.285807 -1 0.535726 0 0 0.2144 -0.9767
1 0.285807 -1 0.535726 0.25 0 0.2144 -0.9767
0.596578 -1 -1.28222 0.375 0.25 0 0.2144 -0.9767
-1 0.285807 1 0.535726 0.75 -0.9666 0.2564 -0
-1 0.285807 -1 0.535726 1 -0.9666 0.2564 -0
-1.28222 -0.778192 -0.596578 0.375 1 -0.9666 0.2564 -0
0.367828 1 -0.167554 0.714274 0.339274 0.0939 0.974 0.2061
-0.367828 1 0.167554 0.785726 0.410726 0.0939 0.974 0.2061
0.167554 0.906035 0.367828 0.714274 0.410726 0.0939 0.974 0.2061
0.596578 -1 -1.28222 0.375 0.25 0.1405 -0.9879 0.0654
1.28222 -0.778192 0.596578 0.375 0.5 0.1405 -0.9879 0.0654
-0.596578 -1 1.28222 0.125 0.5 0.1405 -0.9879 0.0654
0.367828 1 -0.167554 0.714274 0.339274 -0.0939 0.974 -0.2061
-0.167554 0.906035 -0.367828 0.785726 0.339274 -0.0939 0.974 -0.2061
-0.367828 1 0.167554 0.785726 0.410726 -0.0939 0.974 -0.2061
1 0.285807 -1 0.535726 0.25 0.9666 0.2564 -0
1 0.285807 1 0.535726 0.5 0.9666 0.2564 -0
1.28222 -0.778192 0.596578 0.375 0.5 0.9666 0.2564 -0
1 0.285807 -1 0.625 0.25 0 0.7138 -0.7003
-1 0.285807 -1 0.875 0.25 0 0.7138 -0.7003
-0.167554 0.906035 -0.367828 0.785726 0.339274 0 0.7138 -0.7003
1 0.285807 1 0.535726 0.5 0.7488 0.6628 -0
1 0.285807 -1 0.535726 0.25 0.7488 0.6628 -0
0.367828 1 -0.167554 0.714274 0.339274 0.7488 0.6628 -0
-1 0.285807 -1 0.875 0.25 -0.7488 0.6628 -0
-1 0.285807 1 0.875 0.5 -0.7488 0.6628 -0
-0.367828 1 0.167554 0.785726 0.410726 -0.7488 0.6628 -0
-1 0.285807 1 0.875 0.5 0 0.7138 0.7003
1 0.285807 1 0.625 0.5 0 0.7138 0.7003
0.167554 0.906035 0.367828 0.714274 0.410726 0 0.7138 0.7003
1 0.285807 1 0.535726 0.5 0 0.2144 0.9767
-1 0.285807 1 0.535726 0.75 0 0.2144 0.9767
-0.596578 -1 1.28222 0.375 0.75 0 0.2144 0.9767
1 0.285807 1 0.535726 0.5 0.4097 0.86 0.3042
0.367828 1 -0.167554 0.714274 0.339274 0.4097 0.86 0.3042
0.167554 0.906035 0.367828 0.714274 0.410726 0.4097 0.86 0.3042
1 0.285807 -1 0.625 0.25 0.0893 0.7884 -0.6086
-0.167554 0.906035 -0.367828 0.785726 0.339274 0.0893 0.7884 -0.6086
0.367828 1 -0.167554 0.714274 0.339274 0.0893 0.7884 -0.6086
-1 0.285807 -1 0.875 0.25 -0.4097 0.86 -0.3042
-0.367828 1 0.167554 0.785726 0.410726 -0.4097 0.86 -0.3042
-0.167554 0.906035 -0.367828 0.785726 0.339274 -0.4097 0.86 -0.3042
-1 0.285807 1 0.875 0.5 -0.0893 0.7884 0.6086
0.167554 0.906035 0.367828 0.714274 0.410726 -0.0893 0.7884 0.6086
-0.367828 1 0.167554 0.785726 0.410726 -0.0893 0.7884 0.6086
1 0.285807 1 0.535726 0.5 0.3578 -0.2466 0.9007
-0.596578 -1 1.28222 0.375 0.75 0.3578 -0.2466 0.9007
1.28222 -0.778192 0.596578 0.375 0.5 0.3578 -0.2466 0.9007
-1 0.285807 1 0.535726 0.75 -0.9242 -0.2217 0.3111
-1.28222 -0.778192 -0.596578 0.375 1 -0.9242 -0.2217 0.3111
-0.596578 -1 1.28222 0.375 0.75 -0.9242 -0.2217 0.3111
-1 0.285807 -1 0.535726 0 -0.3578 -0.2466 -0.9007
0.596578 -1 -1.28222 0.375 0.25 -0.3578 -0.2466 -0.9007
-1.28222 -0.778192 -0.596578 0.375 0 -0.3578 -0.2466 -0.9007
1 0.285807 -1 0.535726 0.25 0.9242 -0.2217 -0.3111
1.28222 -0.778192 0.596578 0.375 0.5 0.9242 -0.2217 -0.3111
0.596578 -1 -1.28222 0.375 0.25 0.9242 -0.2217 -0.3111
0.596578 -1 -1.28222 0.375 0.25 -0.1405 -0.9879 -0.0654
-0.596578 -1 1.28222 0.125 0.5 -0.1405 -0.9879 -0.0654
-1.28222 -0.778192 -0.596578 0.125 0.25 -0.1405 -0.9879 -0.0654
